number_of_lights 10

// x, y, z (position) | r, g, b, a (color) | x, y, z, w (ambient) | diffuse (x, y, z, w) | specular (x, y, z, w) | atten (x, y, z, w) | direction (x, y, z, w) | param1 (x, y, z, w) | param2 (x, y, z, w)
light_properties
10000.0 100000.0  0.0   
1.0  1.0  1.0  1.0  
0.5 0.5 0.5 1.0  
1.0  1.0  1.0  1.0   
1.0  1.0  1.0  1.0   
0.0  0.0000000001  0.0000000001  1000000.0   
0.0  -1.0  0.0  0.0   
0.0  0.0  0.0  0.0   
1.0  0.0  1.0  0.0

0.0 0.0 10000.0   
1.0  1.0  1.0  1.0  
0.5 0.5 0.5 1.0  
1.0  1.0  1.0  1.0   
1.0  1.0  1.0  1.0   
0.0  0.0000001  0.0000001  100000.0   
0.0  -1.0  0.0  0.0   
0.0  0.0  0.0  0.0   
1.0  0.0  1.0  0.0

1000.0 8000.0 8000.0
0.3  0.3  1.0  1.0  
0.5 0.5 0.5 1.0  
1.0  1.0  1.0  1.0   
1.0  1.0  1.0  1.0   
0.0  0.000001  0.000001  20000.0   
0.0  0.0  0.0  0.0   
0.0  0.0  0.0  0.0   
1.0  0.0  1.0  0.0

0.0 65.0 -40.0
0.0  0.0  1.0  1.0  
0.5 0.5 0.5 1.0  
1.0  1.0  1.0  1.0   
1.0  1.0  1.0  32.0   
0.0  0.0001  0.0001  0.0   
0.0  90.0  0.0  0.0   
1.0  7.0  7.0  0.0   
1.0  0.0  1.0  0.0

-195.0 110.0 -175.0
1.0  0.3  0.3  1.0   
0.5 0.5 0.5 1.0  
1.0  1.0  1.0  1.0   
1.0  1.0  1.0  1.0   
0.0  0.0001  0.0001  20.0    
0.0  0.0  0.0  0.0   
0.0  0.0  0.0  0.0   
1.0  0.0  1.0  0.0

-169.0 110.0 5.0
1.0  0.3  0.3  1.0  
0.5 0.5 0.5 1.0  
1.0  1.0  1.0  1.0   
1.0  1.0  1.0  1.0   
0.0  0.0001  0.0001  20.0    
0.0  0.0  0.0  0.0   
0.0  0.0  0.0  0.0   
1.0  0.0  1.0  0.0

-91.0 110.0 157.0
1.0  0.3  0.3  1.0   
0.5 0.5 0.5 1.0  
1.0  1.0  1.0  1.0   
1.0  1.0  1.0  1.0   
0.0  0.0001  0.0001  20.0      
0.0  0.0  0.0  0.0   
0.0  0.0  0.0  0.0   
1.0  0.0  1.0  0.0

101.0 110.0 161.0
1.0  0.3  0.3  1.0   
0.5 0.5 0.5 1.0  
1.0  1.0  1.0  1.0   
1.0  1.0  1.0  1.0   
0.0  0.0001  0.0001  20.0    
0.0  0.0  0.0  0.0   
0.0  0.0  0.0  0.0   
1.0  0.0  1.0  0.0

174.0 110.0 18.0
1.0  0.3  0.3  1.0  
0.5 0.5 0.5 1.0  
1.0  1.0  1.0  1.0   
1.0  1.0  1.0  1.0   
0.0  0.0001  0.0001  20.0     
0.0  0.0  0.0  0.0   
0.0  0.0  0.0  0.0   
1.0  0.0  1.0  0.0

184.0 110.0 -144.0
1.0  0.3  0.3  1.0  
0.5 0.5 0.5 1.0  
1.0  1.0  1.0  1.0   
1.0  1.0  1.0  1.0   
0.0  0.0001  0.0001  20.0   
0.0  0.0  0.0  0.0   
0.0  0.0  0.0  0.0   
1.0  0.0  1.0  0.0